5000 1
5.19
5000 2
5.52
5000 3
5.91
5000 4
5.32
5000 5
5.16
10000 1
24.24
10000 2
23.27
10000 3
23.61
10000 4
22.60
10000 5
24.09
20000 1
96.18
20000 2
99.34
20000 3
105.46
20000 4
108.74
20000 5
101.89
30000 1
233.05
30000 2
230.72
30000 3
239.06
30000 4
257.72
30000 5
249.74
40000 1
425.51
40000 2
410.76
40000 3
323.19
40000 4
280.14
40000 5
275.54
50000 1
439.95
50000 2
448.45
50000 3
447.24
50000 4
452.31
50000 5
444.62
60000 1
655.47
60000 2
654.70
60000 3
657.62
60000 4
672.15
60000 5
648.55
70000 1
913.93
70000 2
912.34
70000 3
920.60
70000 4
907.55
70000 5
898.80
80000 1
1184.96
80000 2
1214.13
80000 3
1200.54
80000 4
1187.76
80000 5
1202.95
90000 1
1550.74
90000 2
1610.00
90000 3
1543.40
90000 4
1525.95
90000 5
1538.14
100000 1
1942.94
100000 2
1917.58
100000 3
1939.97
100000 4
1916.96
100000 5
1920.76
150000 1
4476.79
150000 2
4462.95
150000 3
4502.12
150000 4
4464.89
150000 5
Command terminated by signal 2
4238.75
200000 1
Command terminated by signal 2
0.75
200000 2
Command terminated by signal 2
0.41
200000 3
Command terminated by signal 2
0.26
200000 4
Command terminated by signal 2
0.27
200000 5
Command terminated by signal 2
0.40
500000 1
Command terminated by signal 2
0.64
500000 2
Command terminated by signal 2
0.50
500000 3
Command terminated by signal 2
0.23
500000 4
Command terminated by signal 2
0.29
500000 5
Command terminated by signal 2
0.39
