5000 1
0.15
5000 2
0.16
5000 3
0.14
5000 4
0.14
5000 5
0.14
10000 1
0.64
10000 2
0.65
10000 3
0.77
10000 4
1.01
10000 5
1.05
20000 1
3.51
20000 2
2.92
20000 3
2.67
20000 4
2.67
20000 5
2.66
30000 1
6.30
30000 2
6.34
30000 3
6.30
30000 4
6.24
30000 5
6.31
40000 1
11.50
40000 2
11.52
40000 3
11.47
40000 4
11.77
40000 5
11.52
50000 1
18.40
50000 2
18.38
50000 3
18.42
50000 4
18.30
50000 5
18.21
60000 1
27.27
60000 2
27.49
60000 3
27.03
60000 4
26.81
60000 5
26.81
70000 1
37.01
70000 2
36.91
70000 3
36.88
70000 4
37.18
70000 5
37.15
80000 1
49.44
80000 2
49.67
80000 3
48.30
80000 4
48.98
80000 5
49.24
90000 1
62.99
90000 2
63.06
90000 3
63.18
90000 4
63.19
90000 5
62.77
100000 1
78.48
100000 2
77.91
100000 3
78.72
100000 4
78.32
100000 5
78.53
150000 1
181.93
150000 2
183.08
150000 3
183.62
150000 4
183.66
150000 5
183.50
200000 1
384.30
200000 2
452.40
200000 3
445.59
200000 4
439.28
200000 5
460.25
500000 1
2824.16
500000 2
Command terminated by signal 2
894.76
500000 3
Command terminated by signal 2
28.45
500000 4
Command terminated by signal 2
1.84
500000 5
Command terminated by signal 2
119.98
